# Botón: APAGAR (Power OFF) — recaptura 2026-08-23
# Aire encendido → pulsación POWER apagar
# Protocolo: COOLIX
# Codigo: 0xB27BE0

--- Señal recibida ---
Protocolo: COOLIX
Codigo: 0xB27BE0
RAW:
uint16_t rawData[199] = {
4368, 4406, 524, 1676, 474, 602, 474, 1676, 
474, 1678, 472, 602, 472, 602, 472, 1678, 
472, 600, 474, 602, 472, 1676, 474, 602, 
472, 602, 472, 1678, 472, 1678, 472, 602, 
472, 1678, 472, 602, 472, 1676, 474, 1678, 
472, 1678, 474, 1676, 472, 602, 474, 1676, 
474, 1678, 472, 1676, 474, 602, 474, 600, 
474, 602, 472, 600, 474, 1678, 472, 600, 
474, 600, 474, 1676, 474, 1676, 474, 1676, 
474, 602, 474, 600, 474, 602, 472, 602, 
474, 602, 472, 602, 474, 600, 474, 602, 
474, 1700, 450, 1676, 474, 1676, 474, 1676, 
474, 1676, 474, 5220, 4380, 4406, 524, 1676, 
474, 600, 474, 1676, 474, 1676, 474, 602, 
474, 600, 474, 1676, 474, 600, 474, 602, 
474, 1676, 474, 602, 472, 602, 474, 1676, 
474, 1676, 474, 600, 474, 1676, 474, 600, 
474, 1676, 474, 1676, 474, 1676, 474, 1676, 
474, 600, 474, 1676, 474, 1700, 450, 1676, 
474, 600, 474, 602, 474, 600, 474, 600, 
474, 1676, 474, 600, 474, 600, 474, 1676, 
474, 1676, 474, 1676, 474, 600, 474, 600, 
474, 600, 474, 600, 474, 600, 474, 600, 
474, 600, 474, 600, 474, 1676, 474, 1676, 
474, 1676, 474, 1676, 474, 1676, 474
};
--- Fin captura ---
